0 
2 
5 
9 
12 
15 
19 
22 
25 
29 
32 
35 
39 
42 
45 
49 
52 
56 
59 
62 
66 
69 
72 
76 
79 
83 
86 
89 
93 
96 
99 
103 
106 
110 
113 
116 
120 
123 
126 
130 
133 
137 
140 
143 
146 
150 
153 
157 
160 
163 
167 
170 
173 
177 
180 
183 
187 
190 
193 
197 
200 
204 
207 
211 
214 
217 
221 
224 
227 
231 
234 
238 
241 
244 
248 
251 
255 
258 
261 
265 
268 
272 
275 
279 
282 
285 
289 
292 
295 
299 
302 
306 
309 
312 
315 
319 
322 
326 
329 
333 
336 
62 
48 
45 
45 
48 
51 
54 
57 
61 
64 
67 
71 
74 
77 
81 
84 
87 
91 
94 
97 
101 
104 
107 
111 
114 
117 
121 
124 
127 
131 
134 
137 
141 
144 
147 
151 
154 
157 
161 
164 
167 
171 
174 
177 
181 
184 
187 
191 
194 
197 
201 
204 
207 
211 
214 
217 
221 
224 
227 
231 
234 
237 
241 
244 
247 
251 
254 
258 
261 
264 
268 
271 
275 
278 
281 
285 
288 
291 
295 
298 
301 
305 
308 
311 
315 
318 
321 
325 
328 
331 
335 
338 
341 
345 
348 
352 
355 
359 
362 
365 
369 
94 
81 
77 
78 
80 
83 
87 
90 
93 
96 
99 
103 
106 
110 
113 
116 
120 
123 
126 
129 
133 
136 
139 
143 
146 
149 
153 
156 
159 
163 
166 
169 
172 
176 
179 
183 
186 
189 
193 
196 
199 
202 
206 
209 
213 
216 
219 
223 
226 
229 
233 
236 
239 
243 
246 
249 
253 
256 
259 
263 
266 
269 
273 
276 
280 
283 
286 
290 
293 
296 
300 
303 
307 
310 
313 
317 
320 
323 
327 
330 
333 
337 
340 
344 
347 
350 
354 
357 
360 
364 
367 
371 
374 
377 
381 
384 
387 
391 
394 
398 
401 
127 
114 
109 
111 
113 
116 
119 
122 
126 
129 
132 
136 
139 
142 
145 
149 
152 
155 
159 
162 
165 
169 
172 
175 
179 
182 
185 
189 
192 
195 
198 
202 
205 
209 
212 
215 
219 
222 
225 
229 
232 
235 
239 
242 
245 
249 
252 
255 
259 
262 
265 
269 
272 
275 
279 
282 
285 
289 
292 
296 
299 
303 
306 
309 
313 
316 
319 
323 
326 
329 
333 
336 
339 
343 
346 
349 
353 
356 
359 
363 
366 
370 
373 
377 
380 
383 
387 
390 
393 
397 
400 
403 
407 
410 
413 
417 
421 
424 
427 
431 
434 
