2000000000	-0.971496344	124.8454514	-2.432855606	-70.78661346
2001587302	-0.971495569	124.845665	-2.432848454	-70.78612518
2003174603	-0.973689854	124.2677917	-2.452219009	-72.13820648
2004761905	-0.977312565	123.6228256	-2.451753139	-73.47687531
2006349206	-0.979242027	123.1167984	-2.467992544	-74.69704437
2007936508	-0.978912354	122.5427475	-2.488048553	-75.99813843
2009523810	-0.983205974	121.9824524	-2.495793104	-77.19784546
2011111111	-0.989908576	121.3973007	-2.491700172	-78.51844025
2012698413	-0.984288335	120.745079	-2.520869017	-79.86418915
2014285714	-0.995575905	120.2131195	-2.527101755	-81.30182648
2015873016	-0.991545737	119.7062378	-2.546705961	-82.55621338
2017460317	-0.994002461	119.151947	-2.561264515	-83.98179626
2019047619	-0.991027892	118.6497192	-2.583823204	-85.3890152
2020634921	-0.991746783	117.9947891	-2.59200263	-86.71864319
2022222222	-0.997125685	117.4860764	-2.613244057	-87.92692566
2023809524	-0.994523525	116.9994202	-2.633977413	-89.34729004
2025396825	-0.991366148	116.6223984	-2.647076368	-90.70547485
2026984127	-0.994686723	116.1719131	-2.664818525	-92.13552094
2028571429	-0.996023595	115.5364838	-2.679830313	-93.40132141
2030158730	-0.99718082	115.1394348	-2.694279671	-94.8067627
2031746032	-0.987615705	114.6708832	-2.716879129	-96.05754089
2033333333	-0.991186619	114.0673828	-2.73461771	-97.43617249
2034920635	-0.986475885	113.669754	-2.755918741	-98.79447174
2036507937	-0.983875155	113.2198563	-2.778493404	-100.1977005
2038095238	-0.975176275	112.6676407	-2.798131466	-101.4668808
2039682540	-0.976158321	112.1105652	-2.804094553	-102.8085251
2041269841	-0.969226897	111.5936127	-2.828179836	-104.03405
2042857143	-0.965930521	111.1734314	-2.841518641	-105.4491882
2044444444	-0.954928517	110.6124191	-2.853644848	-106.7600632
2046031746	-0.954431832	110.208313	-2.873815775	-108.0063019
2047619048	-0.954305947	109.6133194	-2.876854658	-109.2093658
2049206349	-0.954421282	109.2006836	-2.883631229	-110.5089493
2050793651	-0.954068899	108.638298	-2.89365387	-111.7976837
2052380952	-0.953458309	108.0993347	-2.897362471	-112.8797302
2053968254	-0.952211976	107.6123352	-2.901655436	-114.1326599
2055555556	-0.965029359	107.0224609	-2.895005226	-115.4297485
2057142857	-0.975990772	106.410408	-2.887118101	-116.58741
2058730159	-0.985543847	105.9158401	-2.883545399	-117.9813995
2060317460	-0.9939484	105.5098648	-2.863394976	-119.21772
2061904762	-1.011365414	105.0349655	-2.847506523	-120.4107285
2063492063	-1.034487605	104.5251465	-2.831357479	-121.5654144
2065079365	-1.049727917	104.0029755	-2.815520287	-122.8662872
2066666667	-1.065285683	103.6832657	-2.79605794	-124.0861511
2068253968	-1.086060047	103.252533	-2.76368165	-125.4428024
2069841270	-1.093484402	102.9345169	-2.749958277	-126.6210861
2071428571	-1.103443027	102.6235123	-2.726536512	-128.0510254
2073015873	-1.10301125	102.2964325	-2.717793941	-129.3348846
2074603175	-1.102901578	102.0430679	-2.690437078	-130.7454834
2076190476	-1.090379596	101.7298508	-2.679908037	-132.2200928
2077777778	-1.082324624	101.4091644	-2.667204142	-133.4460602
2079365079	-1.047042727	101.2934341	-2.670050144	-134.7775879
2080952381	-1.012461782	100.8348923	-2.664450169	-136.1533966
2082539683	-0.965685785	100.33564	-2.670718908	-137.4563141
2084126984	-0.920158148	99.92758179	-2.665127039	-138.8388062
2085714286	-0.864527047	99.4628067	-2.663098097	-140.0900726
2087301587	-0.804999292	98.85308075	-2.672205687	-141.2576141
2088888889	-0.764116704	98.17449951	-2.666605473	-142.5082245
2090476190	-0.716714382	97.33153534	-2.661962748	-143.7980499
2092063492	-0.674889863	96.76622009	-2.655844927	-145.0235596
2093650794	-0.633200645	96.00605011	-2.650188446	-146.1792297
2095238095	-0.601638794	95.18728638	-2.644580603	-147.4198608
2096825397	-0.584411621	94.25309753	-2.625296831	-148.6687622
2098412698	-0.564233541	93.5165863	-2.619868517	-149.8497925
2100000000	-0.555656731	92.55659485	-2.601042986	-151.1426697
2101587302	-0.574048519	91.66020203	-2.589297533	-152.5031586
2103174603	-0.586348295	90.87811279	-2.572580338	-153.7686768
2104761905	-0.597418487	89.96257782	-2.562451601	-154.9646759
2106349206	-0.613869011	89.14013672	-2.56186223	-156.3134003
2107936508	-0.639222801	88.35942841	-2.544423342	-157.5699768
2109523810	-0.664979219	87.59059906	-2.541208506	-159.0973206
2111111111	-0.710445344	86.88960266	-2.525930166	-160.2996063
2112698413	-0.737796247	86.1243515	-2.523420811	-161.539856
2114285714	-0.764062047	85.54044342	-2.520910978	-162.8352509
2115873016	-0.787625909	84.8301239	-2.525370598	-164.3566284
2117460317	-0.818045259	84.22839355	-2.522229433	-165.6613312
2119047619	-0.847877026	83.77063751	-2.521916628	-166.8353729
2120634921	-0.864961386	83.08810425	-2.529358864	-168.3519287
2122222222	-0.891660154	82.53945923	-2.534448385	-169.5270538
2123809524	-0.905212104	81.99602509	-2.541163206	-170.667099
2125396825	-0.928171754	81.44766235	-2.544967175	-172.0045166
2126984127	-0.94852066	80.87223816	-2.54873991	-173.2354889
2128571429	-0.958488941	80.3399353	-2.560203552	-174.4602203
2130158730	-0.981965959	79.8473587	-2.565839767	-175.7584381
2131746032	-0.991520345	79.30238342	-2.576593399	-177.0126038
2133333333	-1.006914139	78.80305481	-2.580522299	-178.2571259
2134920635	-1.020452023	78.38448334	-2.591142893	-179.3067169
2136507937	-1.027559876	77.77536011	-2.598547935	-180.5963898
2138095238	-1.045928597	77.42792511	-2.607354164	-181.6809235
2139682540	-1.051166892	76.89807892	-2.613793373	-182.9552765
2141269841	-1.052759647	76.3965683	-2.622465372	-183.8731232
2142857143	-1.063942313	75.95526123	-2.635414124	-184.9681396
2144444444	-1.083786368	75.32743835	-2.636933565	-186.2033234
2146031746	-1.067733526	74.99011993	-2.65226388	-187.177124
2147619048	-1.078195214	74.53202057	-2.657140017	-188.2504425
2149206349	-1.08556962	74.04065704	-2.664289951	-189.2342224
2150793651	-1.093973994	73.52510071	-2.675079107	-190.4182129
2152380952	-1.090923071	72.95324707	-2.684771776	-191.5832672
2153968254	-1.098520875	72.18264771	-2.694303513	-192.5531464
2155555556	-1.087761164	71.94454193	-2.701327085	-193.4960785
2157142857	-1.102579594	71.26338959	-2.705612898	-194.7527771
2158730159	-1.122240543	70.76516724	-2.724761248	-195.5736237
2160317460	-1.124784827	69.97183228	-2.735543489	-196.9261475
2161904762	-1.113263607	69.51799774	-2.743319511	-197.6700592
2163492063	-1.129551172	68.81304169	-2.754064798	-198.8505402
2165079365	-1.112141967	68.25679779	-2.770503521	-199.6612396
2166666667	-1.117552161	67.66841125	-2.773353815	-200.8320618
2168253968	-1.214375615	66.2109375	-2.775387764	-202.2138672
2169841270	-1.118645549	66.45983887	-2.78331089	-202.805481
2171428571	-1.10215199	65.84605408	-2.789189577	-203.7663422
2173015873	-1.102870226	65.25014496	-2.791558743	-204.7618561
2174603175	-1.10783422	64.50692749	-2.797428131	-205.9098969
2176190476	-1.119649053	63.81393433	-2.795938492	-206.7842712
2177777778	-1.123484373	63.07253647	-2.80859828	-207.879837
2179365079	-1.115358472	62.45861053	-2.810339212	-208.887619
2180952381	-1.109584212	61.80912018	-2.806905985	-209.9942932
2182539683	-1.108582854	61.2292366	-2.808276653	-210.8305054
2184126984	-1.120540142	60.58459091	-2.812490225	-211.9246674
2185714286	-1.119434714	59.72933578	-2.820452452	-212.9905243
2187301587	-1.122208118	58.92012024	-2.81638813	-213.9959717
2188888889	-1.115604281	58.12037659	-2.815758467	-215.1463776
2190476190	-1.129216313	57.5818367	-2.819018364	-216.2404175
2192063492	-1.118759274	56.9099884	-2.814450264	-217.2583313
2193650794	-1.135429382	56.1724205	-2.820462942	-218.4264221
2195238095	-1.135094047	55.63711548	-2.814121008	-219.2623444
2196825397	-1.142907619	54.84461975	-2.821342707	-220.4631958
2198412698	-1.142756343	54.20944977	-2.818989038	-221.5765076
2200000000	-1.162274837	53.6092453	-2.823601007	-222.7768555
2201587302	-1.155933261	52.86261368	-2.818178892	-223.6719818
2203174603	-1.16184628	52.2556839	-2.817014933	-224.9300537
2204761905	-1.175337195	51.66714096	-2.81939292	-226.0039368
2206349206	-1.181908965	51.03723145	-2.822050571	-227.0766144
2207936508	-1.178589106	50.45661545	-2.817608118	-228.0473328
2209523810	-1.192991972	49.78413773	-2.823809862	-229.2643585
2211111111	-1.194884777	49.18493271	-2.819674253	-230.1911621
2212698413	-1.210923433	48.6920166	-2.826363564	-231.2808838
2214285714	-1.216749072	48.08865738	-2.825708866	-232.437973
2215873016	-1.207881093	47.47509003	-2.8218472	-233.3281708
2217460317	-1.220752358	46.94133759	-2.822805405	-234.5739288
2219047619	-1.220935225	46.32441711	-2.82681632	-235.5167084
2220634921	-1.236380458	45.78953934	-2.824557781	-236.541687
2222222222	-1.230950713	45.26460266	-2.831810236	-237.4970856
2223809524	-1.242004156	44.67049789	-2.83028388	-238.5036926
2225396825	-1.255913854	44.17556	-2.837102413	-239.4392853
2226984127	-1.246090889	43.68549347	-2.842837572	-240.3146515
2228571429	-1.255951881	43.10019302	-2.846377611	-241.2528381
2230158730	-1.263853312	42.62848282	-2.850389957	-242.1454468
2231746032	-1.261814952	42.14766312	-2.84941268	-242.9749908
2233333333	-1.264525652	41.54269409	-2.852592945	-243.8989868
2234920635	-1.271654606	41.06073761	-2.860933542	-244.6448822
2236507937	-1.271304846	40.58527756	-2.863334894	-245.4734497
2238095238	-1.273910522	40.10377121	-2.861765862	-246.3100281
2239682540	-1.278770208	39.53903198	-2.867344379	-247.0776367
2241269841	-1.279453635	38.95999146	-2.868020058	-248.085022
2242857143	-1.287078261	38.42045212	-2.872246742	-248.8110657
2244444444	-1.289748788	37.83016586	-2.875136137	-249.6660004
2246031746	-1.284074903	37.22842407	-2.881633997	-250.3043518
2247619048	-1.285655379	36.67885208	-2.877957344	-251.1324768
2249206349	-1.284234405	36.1072731	-2.878873587	-251.8466949
2250793651	-1.28273809	35.52232742	-2.881057024	-252.5322876
2252380952	-1.29820919	34.80519485	-2.887322426	-253.433197
2253968254	-1.287329912	34.29656982	-2.883881092	-254.0575714
2255555556	-1.293496251	33.53956985	-2.885258675	-254.8806305
2257142857	-1.297244549	32.90072632	-2.890172243	-255.6122437
2258730159	-1.307002306	32.26857758	-2.893429995	-256.4619141
2260317460	-1.298836112	31.49399376	-2.878222942	-257.1015625
2261904762	-1.306905866	30.91613007	-2.882916212	-257.9024353
2263492063	-1.301788568	30.14300919	-2.880443811	-258.7092896
2265079365	-1.306687117	29.27373505	-2.881528139	-259.596405
2266666667	-1.310155869	28.52249527	-2.882586002	-260.2995911
2268253968	-1.316452384	27.93054581	-2.883987904	-261.0815735
2269841270	-1.328718662	27.19581604	-2.899706602	-261.96521
2271428571	-1.3338902	26.34159088	-2.888856888	-262.6852112
2273015873	-1.337486506	25.62399864	-2.896471739	-263.505249
2274603175	-1.340231419	24.70893097	-2.899358273	-264.385376
2276190476	-1.354709148	23.95285606	-2.907953262	-265.2563782
2277777778	-1.366771698	23.14507866	-2.914823294	-266.1096802
2279365079	-1.369053841	22.34866333	-2.92359519	-267.0518799
2280952381	-1.378248334	21.51679802	-2.918379307	-267.9067993
2282539683	-1.385085344	20.89815903	-2.917836189	-268.8143616
2284126984	-1.395200729	20.02495575	-2.929320335	-269.6577454
2285714286	-1.402927995	19.23409462	-2.925742388	-270.5428467
2287301587	-1.409989119	18.31031418	-2.931395531	-271.5898438
2288888889	-1.416706085	17.56498718	-2.929808855	-272.4404297
2290476190	-1.421998024	16.80645752	-2.926209211	-273.3111267
2292063492	-1.431649446	16.08559799	-2.931144714	-274.2756042
2293650794	-1.450857401	15.45460892	-2.945301294	-275.2337036
2295238095	-1.452321053	14.75740051	-2.939382076	-276.1080627
2296825397	-1.463810444	13.94283199	-2.946072102	-277.1566772
2298412698	-1.466037393	13.26979828	-2.950663567	-277.9250488
2300000000	-1.472665429	12.58124447	-2.955547333	-278.8931274
2301587302	-1.481890798	11.96164036	-2.9656775	-279.7546082
2303174603	-1.484005451	11.13729572	-2.969805956	-280.7345581
2304761905	-1.485651493	10.57461548	-2.970278502	-281.4453125
2306349206	-1.493504405	9.980686188	-2.97713685	-282.3469849
2307936508	-1.495972753	9.371933937	-2.980994463	-283.1842957
2309523810	-1.497638941	8.731874466	-2.978100538	-284.0546875
2311111111	-1.500273824	8.13882637	-2.977869749	-284.8111572
2312698413	-1.510328889	7.533347607	-2.99123621	-285.6173096
2314285714	-1.502168179	6.921796322	-2.981497526	-286.3630066
2315873016	-1.501176715	6.20356369	-2.976459026	-287.1767883
2317460317	-1.50374794	5.645240784	-2.980241537	-287.8882446
2319047619	-1.496102571	4.940004826	-2.980264425	-288.7572327
2320634921	-1.493880033	4.470164299	-2.979822159	-289.4549561
2322222222	-1.495879889	3.796793461	-2.973421812	-290.2362366
2323809524	-1.492699623	3.196481705	-2.972227812	-290.7610474
2325396825	-1.49059248	2.550691843	-2.968494654	-291.3976135
2326984127	-1.488228798	2.001335621	-2.962283373	-292.0697632
2328571429	-1.479983449	1.370580077	-2.954828024	-292.6889343
2330158730	-1.476938009	0.714321256	-2.955679178	-293.5197144
2331746032	-1.472738624	-1.86E-02	-2.940207005	-294.1416931
2333333333	-1.472120404	-0.727015555	-2.939291716	-294.8514099
2334920635	-1.471333146	-1.344216824	-2.934244633	-295.502533
2336507937	-1.463653922	-2.045526028	-2.92506814	-296.2267456
2338095238	-1.462108612	-2.715907335	-2.92148447	-296.8569031
2339682540	-1.456673026	-3.459634304	-2.907618761	-297.5088501
2341269841	-1.463215351	-4.252946854	-2.905856133	-298.1293945
2342857143	-1.45838213	-5.063278675	-2.89317441	-298.8699951
2344444444	-1.45381248	-5.726682186	-2.883755445	-299.418457
2346031746	-1.458219528	-6.512640953	-2.87942481	-300.0472412
2347619048	-1.461274147	-7.392823696	-2.869453192	-300.7744751
2349206349	-1.468420744	-8.192716599	-2.872034788	-301.4606934
2350793651	-1.471767068	-8.994728088	-2.863934994	-302.0602112
2352380952	-1.474490523	-9.864375114	-2.854870081	-302.7717896
2353968254	-1.481586814	-10.67608452	-2.847271442	-303.4393311
2355555556	-1.491792202	-11.53349972	-2.849251747	-304.2390747
2357142857	-1.497856379	-12.4601078	-2.845175266	-305.0297546
2358730159	-1.506789446	-13.39966202	-2.839715719	-305.7272034
2360317460	-1.514853716	-14.2080307	-2.838497162	-306.4469299
2361904762	-1.527231693	-15.21899223	-2.838515043	-307.2676086
2363492063	-1.540839195	-16.163517	-2.841212988	-308.082428
2365079365	-1.55458653	-16.99894905	-2.846612453	-308.8651123
2366666667	-1.568893671	-18.02135658	-2.844005108	-309.6873474
2368253968	-1.579550147	-18.91604614	-2.842652559	-310.5744934
2369841270	-1.586193681	-19.90381241	-2.831764698	-311.3828125
2371428571	-1.607267141	-20.60242844	-2.852825642	-312.1565552
2373015873	-1.622971773	-21.47629547	-2.863503456	-313.1490173
2374603175	-1.633663297	-22.41596603	-2.864763737	-313.9562073
2376190476	-1.646895647	-23.34215736	-2.876475096	-314.9281006
2377777778	-1.662352562	-24.12517166	-2.883178711	-315.7373657
2379365079	-1.674820423	-25.01343918	-2.896393299	-316.5123291
2380952381	-1.685439229	-25.85387421	-2.902777433	-317.433197
2382539683	-1.697201967	-26.75307655	-2.905694723	-318.2930908
2384126984	-1.70694685	-27.60922241	-2.914578915	-319.190094
2385714286	-1.711955905	-28.45509911	-2.927476406	-320.0405884
2387301587	-1.725320816	-29.1915741	-2.94122529	-320.8109436
2388888889	-1.732865334	-29.89103317	-2.948117018	-321.583374
2390476190	-1.738016605	-30.70921135	-2.960043669	-322.3840942
2392063492	-1.739094734	-31.54450989	-2.971651554	-323.1575623
2393650794	-1.747058272	-32.31863022	-2.979789734	-323.9196777
2395238095	-1.747335792	-33.03379059	-2.997591496	-324.6893616
2396825397	-1.749614716	-33.77545929	-3.005999565	-325.4602051
2398412698	-1.74706459	-34.58903885	-3.00808835	-326.1148071
2400000000	-1.748735785	-35.21877289	-3.01011014	-326.750061
2401587302	-1.745841861	-36.01660538	-3.013170719	-327.5096741
2403174603	-1.742629528	-36.76383209	-3.01550436	-328.1567078
2404761905	-1.73662138	-37.47565842	-3.028197289	-328.8009949
2406349206	-1.731112361	-38.22032928	-3.017679691	-329.5135193
2407936508	-1.7232939	-38.97692108	-3.012383223	-330.0500793
2409523810	-1.717387676	-39.67204285	-3.023617268	-330.6268921
2411111111	-1.710572362	-40.48089218	-3.003691435	-331.3665466
2412698413	-1.701676726	-41.35985565	-3.000963688	-331.9709473
2414285714	-1.690626502	-42.13058853	-2.995209694	-332.4990234
2415873016	-1.68633306	-42.89440536	-2.986700296	-333.0527344
2417460317	-1.682002544	-43.67921448	-2.976140022	-333.6060181
2419047619	-1.676704526	-44.53407669	-2.96592164	-334.2544861
2420634921	-1.668046594	-45.27487946	-2.960295439	-334.7893677
2422222222	-1.668148398	-46.23950195	-2.943996668	-335.3661804
2423809524	-1.663456082	-47.07583237	-2.93250227	-336.0083618
2425396825	-1.664569855	-47.94851303	-2.920769453	-336.4684753
2426984127	-1.670909166	-48.9746666	-2.906643867	-337.0531616
2428571429	-1.664885044	-49.88550186	-2.904448032	-337.6135254
2430158730	-1.665697336	-50.80828476	-2.891689062	-338.2281799
2431746032	-1.671778679	-51.73832703	-2.881697416	-338.6867676
2433333333	-1.675040245	-52.67201996	-2.868726254	-339.2358398
2434920635	-1.674880862	-53.64774323	-2.859014511	-339.8865051
2436507937	-1.686409593	-54.64455032	-2.845502853	-340.5442505
2438095238	-1.699349284	-55.7256279	-2.839955807	-341.1310425
2439682540	-1.708964705	-56.67008972	-2.82435298	-341.702301
2441269841	-1.72301352	-57.73682022	-2.813375711	-342.4593811
2442857143	-1.7353971	-58.7805748	-2.802704811	-343.0526733
2444444444	-1.742831826	-59.84200287	-2.787193298	-343.8154907
2446031746	-1.756723285	-61.06496048	-2.775088072	-344.6997681
2447619048	-1.788459182	-62.12275314	-2.791379213	-345.2796631
2449206349	-1.80891335	-63.17105484	-2.784246206	-345.9847107
2450793651	-1.831860065	-64.18022156	-2.78227663	-346.7230225
2452380952	-1.85304749	-65.25926971	-2.78392601	-347.4419556
2453968254	-1.873764038	-66.36080933	-2.786171198	-348.1766968
2455555556	-1.893436074	-67.34388733	-2.781255245	-348.9237671
2457142857	-1.915946364	-68.45836639	-2.785009146	-349.7576599
2458730159	-1.939983368	-69.50688934	-2.795825243	-350.565918
2460317460	-1.960505009	-70.52025604	-2.805416107	-351.455719
2461904762	-1.984444976	-71.61849976	-2.810637951	-352.1933289
2463492063	-1.999244094	-72.65097046	-2.821805	-353.0536194
2465079365	-2.015835762	-73.67946625	-2.832297087	-353.8563843
2466666667	-2.030654192	-74.77156067	-2.843642235	-354.7330322
2468253968	-2.044621468	-75.76583862	-2.86137104	-355.5818481
2469841270	-2.063932657	-76.68534088	-2.869477987	-356.3403015
2471428571	-2.077846766	-77.68609619	-2.881754398	-357.1620178
2473015873	-2.087240458	-78.68157196	-2.896247625	-357.9621277
2474603175	-2.102719784	-79.5772171	-2.898904562	-358.761322
2476190476	-2.121294737	-80.55848694	-2.902642012	-359.4979858
2477777778	-2.109578133	-81.48817444	-2.930761099	-360.2878418
2479365079	-2.107106924	-82.33213806	-2.944862366	-361.013916
2480952381	-2.108164072	-83.35309601	-2.952731609	-361.8173523
2482539683	-2.111623764	-84.26208496	-2.958193064	-362.5836487
2484126984	-2.108498096	-85.13083649	-2.972029209	-363.2776794
2485714286	-2.103203773	-85.99487305	-2.978513479	-364.048645
2487301587	-2.098003626	-86.89751434	-2.983883381	-364.7676392
2488888889	-2.090138912	-87.78959656	-2.990810633	-365.4109802
2490476190	-2.088367939	-88.73339081	-2.990686655	-366.1130371
2492063492	-2.084692717	-89.69968414	-2.988190413	-366.8216858
2493650794	-2.07940197	-90.53954315	-2.991532564	-367.3802795
2495238095	-2.070937634	-91.49701691	-2.99393487	-368.0141907
2496825397	-2.064094305	-92.47382355	-2.990185499	-368.6546326
2498412698	-2.057982922	-93.49862671	-2.982040167	-369.3210144
2500000000	-2.047235727	-94.43532562	-2.976392984	-369.8642578
2501587302	-2.04589653	-95.32437134	-2.972803831	-370.3191528
2503174603	-2.041484594	-96.34159851	-2.968529701	-370.8877869
2504761905	-2.037487984	-97.33882141	-2.95960331	-371.4517822
2506349206	-2.034901381	-98.31905365	-2.950160027	-371.9968567
2507936508	-2.030957699	-99.43601227	-2.937515974	-372.5302734
2509523810	-2.035129547	-100.5424881	-2.919745207	-373.0936279
2511111111	-2.039700031	-101.5620117	-2.906314373	-373.5069885
2512698413	-2.042006969	-102.6221008	-2.889626026	-374.0718689
2514285714	-2.046065569	-103.7867584	-2.871237993	-374.6321411
2515873016	-2.056438923	-105.0121918	-2.855510712	-375.2041931
2517460317	-2.059706211	-106.147171	-2.847942591	-375.7776794
2519047619	-2.082733393	-107.3138504	-2.837524891	-376.3927917
2520634921	-2.102163076	-108.4547653	-2.827144384	-376.9547424
2522222222	-2.113009691	-109.6861649	-2.820065498	-377.5617065
2523809524	-2.134534359	-110.9427109	-2.810584545	-378.1446838
2525396825	-2.160218	-112.0556107	-2.800625324	-378.6785278
2526984127	-2.181792259	-113.2056808	-2.794946671	-379.1990967
2528571429	-2.199347496	-114.3600845	-2.792152405	-379.7522278
2530158730	-2.226610661	-115.5655365	-2.788594723	-380.3665771
2531746032	-2.256259918	-116.8958969	-2.785983801	-381.0143738
2533333333	-2.282741547	-118.1587906	-2.784682512	-381.6865234
2534920635	-2.301412344	-119.346077	-2.784885645	-382.3349915
2536507937	-2.32836175	-120.591568	-2.786765575	-382.9393616
2538095238	-2.36302948	-121.837059	-2.790478468	-383.6003418
2539682540	-2.388690948	-123.0755615	-2.794466734	-384.2317505
2541269841	-2.419075966	-124.2181854	-2.799245119	-384.9151306
2542857143	-2.441973448	-125.4470978	-2.805335283	-385.664917
2544444444	-2.461249352	-126.6216354	-2.816590786	-386.3728333
2546031746	-2.48399806	-127.8411026	-2.834537268	-387.1126404
2547619048	-2.505369186	-129.0613861	-2.850292444	-387.8577576
2549206349	-2.536230564	-130.1213074	-2.868831396	-388.5541687
2550793651	-2.560823441	-131.2718658	-2.889433622	-389.3110657
2552380952	-2.575356007	-132.4359894	-2.909710407	-390.1057129
2553968254	-2.575255632	-133.6831665	-2.93255043	-390.8584595
2555555556	-2.593789577	-135.0682678	-2.953733444	-391.8769531
2557142857	-2.609196186	-136.0436096	-2.976211309	-392.6647339
2558730159	-2.595687389	-136.8480225	-3.000648737	-393.0982971
2560317460	-2.589638233	-138.0391693	-3.019937515	-393.8609009
2561904762	-2.589773655	-139.0907593	-3.040151358	-394.6146851
2563492063	-2.589508772	-140.0957336	-3.065500736	-395.368042
2565079365	-2.586551189	-141.1488342	-3.084029913	-396.089447
2566666667	-2.577888727	-142.2632904	-3.102764368	-396.8028564
2568253968	-2.566390514	-143.2617188	-3.126772165	-397.4917297
2569841270	-2.552406788	-144.2682648	-3.146740198	-398.1878662
2571428571	-2.538604259	-145.2889404	-3.159318924	-398.8882141
2573015873	-2.52477169	-146.2673035	-3.172123671	-399.5286865
2574603175	-2.507673264	-147.2872009	-3.185760498	-400.0860291
2576190476	-2.492504358	-148.3140259	-3.190022945	-400.6940918
2577777778	-2.478781939	-149.4091492	-3.192993879	-401.4396973
2579365079	-2.461595535	-150.4382477	-3.192533493	-402.1765747
2580952381	-2.444875002	-151.4462585	-3.18594265	-402.7980347
2582539683	-2.432251215	-152.5507355	-3.186621189	-403.3080139
2584126984	-2.416824341	-153.6130981	-3.189753056	-403.8105774
2585714286	-2.404449701	-154.7718964	-3.188770771	-404.3987732
2587301587	-2.3939569	-155.9213867	-3.174678326	-404.995697
2588888889	-2.382804394	-157.0557251	-3.153873682	-405.547821
2590476190	-2.379310369	-158.1864166	-3.143155336	-406.0801697
2592063492	-2.37755084	-159.2996674	-3.13062191	-406.596405
2593650794	-2.378854036	-160.5357361	-3.112259626	-407.1821594
2595238095	-2.381894112	-161.7622375	-3.095039845	-407.7756653
2596825397	-2.383945942	-162.9566345	-3.073335409	-408.2797852
2598412698	-2.39151454	-164.1450958	-3.051719666	-408.7696838
2600000000	-2.402771711	-165.3960114	-3.029719353	-409.3785706
2601587302	-2.418752432	-166.62883	-3.008355379	-409.8890991
2603174603	-2.434858561	-167.8437805	-2.984629154	-410.3457642
2604761905	-2.451560259	-169.0470276	-2.961046934	-410.9371338
2606349206	-2.475552797	-170.3173828	-2.941928387	-411.474884
2607936508	-2.504264593	-171.6168365	-2.916317701	-412.0049133
2609523810	-2.533792973	-172.8598938	-2.892349958	-412.5579834
2611111111	-2.557356596	-174.1315308	-2.874962091	-413.0697937
2612698413	-2.580370426	-175.3385773	-2.853645325	-413.5985718
2614285714	-2.613066196	-176.5779877	-2.834833145	-414.1568298
2615873016	-2.648625612	-177.8582001	-2.820688009	-414.689209
2617460317	-2.681703091	-179.1442413	-2.804481268	-415.2500916
2619047619	-2.71374464	-180.4334564	-2.790701628	-415.8864746
2620634921	-2.744846582	-181.6499023	-2.779741287	-416.4690247
2622222222	-2.779171705	-182.8483887	-2.772685528	-417.0785217
2623809524	-2.814512968	-184.0272217	-2.77033329	-417.7550964
2625396825	-2.838748693	-185.2829437	-2.76709795	-418.4342041
2626984127	-2.856535196	-186.5463104	-2.765020132	-419.134613
2628571429	-2.879389048	-187.7059021	-2.771574974	-419.776123
2630158730	-2.901185989	-188.9162598	-2.780813456	-420.349762
2631746032	-2.914517879	-190.1412201	-2.793880463	-421.0619507
2633333333	-2.928104162	-191.1921387	-2.806641817	-421.729126
2634920635	-2.94284153	-192.2705688	-2.822926283	-422.4640198
2636507937	-2.945859671	-193.4212341	-2.842437983	-423.2070313
2638095238	-2.943698645	-194.464798	-2.863027096	-423.8154907
2639682540	-2.943492174	-195.6397858	-2.88790369	-424.494812
2641269841	-2.938620329	-196.8168335	-2.913779974	-425.2875366
2642857143	-2.927437067	-197.9691315	-2.942326546	-426.0276794
2644444444	-2.918462276	-199.0014343	-2.969913721	-426.7095947
2646031746	-2.897499323	-200.0407257	-2.997366428	-427.3633118
2647619048	-2.877035856	-201.1093903	-3.027075768	-427.9871826
2649206349	-2.856500626	-202.1274414	-3.056331396	-428.6340637
2650793651	-2.832646847	-203.2016449	-3.086230755	-429.389679
2652380952	-2.805833101	-204.2795105	-3.117369413	-430.073822
2653968254	-2.779932261	-205.4088135	-3.138018131	-430.6981812
2655555556	-2.750592232	-206.4976654	-3.158828735	-431.4275208
2657142857	-2.715685844	-207.498703	-3.183991671	-432.0836792
2658730159	-2.683669806	-208.5432892	-3.206682682	-432.7570801
2660317460	-2.656184196	-209.6660767	-3.231732607	-433.456543
2661904762	-2.624584436	-210.7445068	-3.258526087	-434.0168762
2663492063	-2.594825268	-211.8454742	-3.27669549	-434.7648315
2665079365	-2.569624901	-212.9548187	-3.286587715	-435.4825745
2666666667	-2.543261766	-214.0534973	-3.293980598	-436.02948
2668253968	-2.514253616	-215.0243225	-3.301668882	-436.5815125
2669841270	-2.49363637	-216.0483704	-3.310744286	-437.244751
2671428571	-2.475722551	-217.2136536	-3.311395884	-438.135498
2673015873	-2.461524963	-218.3709412	-3.31768465	-438.5815735
2674603175	-2.450092077	-219.4703979	-3.317944765	-439.0909424
2676190476	-2.441634655	-220.668869	-3.314549446	-439.7698059
2677777778	-2.436233282	-221.8222351	-3.312044144	-440.3085632
2679365079	-2.434654474	-222.9205933	-3.305672169	-440.8420715
2680952381	-2.43587923	-223.9775391	-3.297977209	-441.4782104
2682539683	-2.443704844	-225.1741486	-3.28071785	-441.9990234
2684126984	-2.455057144	-226.3412628	-3.263490438	-442.5050354
2685714286	-2.466216087	-227.584549	-3.243329048	-443.1785278
2687301587	-2.479522705	-228.7226868	-3.228572845	-443.7202148
2688888889	-2.500302076	-229.8393097	-3.207758427	-444.2911987
2690476190	-2.52196002	-231.0494385	-3.19429183	-444.896698
2692063492	-2.542650938	-232.2174377	-3.18033433	-445.3859863
2693650794	-2.567851067	-233.2776489	-3.156279802	-445.8778076
2695238095	-2.597546101	-234.4077759	-3.130865097	-446.4768066
2696825397	-2.625762224	-235.5910339	-3.112635136	-447.0293274
2698412698	-2.652485847	-236.7610779	-3.096541643	-447.6338501
2700000000	-2.676508427	-237.7839661	-3.081159353	-448.2402954
2701587302	-2.706678391	-238.7829285	-3.066788673	-448.8200989
2703174603	-2.733627319	-239.8621368	-3.048229218	-449.4425964
2704761905	-2.764223337	-240.9519501	-3.020654917	-450.0043945
2706349206	-2.788947105	-242.0796967	-3.008182526	-450.6286011
2707936508	-2.809158802	-243.02211	-3.012635708	-451.2277222
2709523810	-2.826226234	-244.182663	-3.007770777	-451.8374634
2711111111	-2.84696126	-245.2666626	-3.003853083	-452.4812317
2712698413	-2.861271143	-246.2266846	-3.014778137	-453.0921021
2714285714	-2.874056578	-247.238266	-3.017311573	-453.6586304
2715873016	-2.882979393	-248.2838745	-3.019281149	-454.3285828
2717460317	-2.892252445	-249.3247986	-3.028708935	-454.9502258
2719047619	-2.893625975	-250.2045898	-3.041177273	-455.5484314
2720634921	-2.886255264	-251.038269	-3.058777809	-456.1040039
2722222222	-2.883053541	-252.1330872	-3.066104412	-456.6996765
2723809524	-2.878998041	-253.2420044	-3.086555719	-457.386322
2725396825	-2.862695456	-254.2532501	-3.114772558	-457.8934631
2726984127	-2.851953745	-255.0614929	-3.130538464	-458.5368958
2728571429	-2.835004091	-255.9288483	-3.151847363	-459.182251
2730158730	-2.804671049	-256.9616394	-3.185825586	-459.807312
2731746032	-2.776458979	-257.791626	-3.207481384	-460.4306335
2733333333	-2.756315947	-258.973175	-3.229787588	-461.1246033
2734920635	-2.72341013	-259.8559875	-3.256970882	-461.6117249
2736507937	-2.695319891	-260.7616577	-3.283209562	-462.3163147
2738095238	-2.662949324	-261.8433838	-3.30870986	-462.938385
2739682540	-2.624295712	-262.7826233	-3.345321417	-463.5073853
2741269841	-2.585673571	-263.7624817	-3.375594139	-464.1574097
2742857143	-2.552088261	-264.6521912	-3.403812408	-464.5817871
2744444444	-2.514179468	-265.5937805	-3.430727243	-465.157959
2746031746	-2.474064112	-266.4049683	-3.459345102	-465.7756042
2747619048	-2.4526124	-267.5726013	-3.47607851	-466.2879639
2749206349	-2.40735507	-268.622467	-3.504373074	-466.8729248
2750793651	-2.367675781	-269.4988403	-3.528863907	-467.4100952
2752380952	-2.343047857	-270.5015869	-3.54651165	-467.8364868
2753968254	-2.311088562	-271.4616699	-3.567527294	-468.5404968
2755555556	-2.288094521	-272.5115356	-3.578801155	-469.1740417
2757142857	-2.270051718	-273.5696716	-3.589378595	-469.7962952
2758730159	-2.252671957	-274.5675659	-3.591549397	-470.3040771
2760317460	-2.236180067	-275.4485779	-3.601626396	-470.8194885
2761904762	-2.226535559	-276.5691223	-3.610227585	-471.3979492
2763492063	-2.220588207	-277.6505737	-3.60410881	-472.0733337
2765079365	-2.216409683	-278.6735229	-3.601364613	-472.5367737
2766666667	-2.219137907	-279.5889893	-3.592372656	-473.1623535
2768253968	-2.220019341	-280.7177429	-3.58605361	-473.98703
2769841270	-2.223579168	-281.6512146	-3.582637548	-474.3678589
2771428571	-2.232112646	-282.6618652	-3.570898056	-474.8930969
2773015873	-2.236247301	-283.727478	-3.561337709	-475.5031738
2774603175	-2.255578756	-284.5679626	-3.54068923	-476.0721741
2776190476	-2.267965078	-285.5298767	-3.532611609	-476.4729614
2777777778	-2.296743393	-286.5915222	-3.505426645	-477.2530518
2779365079	-2.318356991	-287.4489441	-3.48280859	-477.8157349
2780952381	-2.336538076	-288.3517456	-3.466320038	-478.3935852
2782539683	-2.358669043	-289.1655273	-3.456082582	-478.98172
2784126984	-2.391219378	-290.1070862	-3.429790258	-479.6053772
2785714286	-2.410414219	-290.9971924	-3.409072161	-480.1089783
2787301587	-2.430817842	-292.0481567	-3.396743774	-480.7822266
2788888889	-2.455524445	-292.8475952	-3.383682966	-481.4064331
2790476190	-2.489713669	-293.5946045	-3.366493702	-482.0874939
2792063492	-2.494454861	-294.4809875	-3.364696264	-482.7917175
2793650794	-2.515943766	-295.2833557	-3.349017382	-483.2434387
2795238095	-2.537827969	-296.1336975	-3.342789173	-483.7906189
2796825397	-2.540858984	-296.9319153	-3.352676153	-484.4585876
2798412698	-2.550415754	-297.8468323	-3.342580557	-484.9539795
2800000000	-2.568672419	-298.5369873	-3.337862015	-485.6659241
2801587302	-2.571852207	-299.3937378	-3.335464716	-486.2174988
2803174603	-2.57567811	-300.2071228	-3.329528093	-486.822113
2804761905	-2.574918985	-301.1002197	-3.343876839	-487.4872437
2806349206	-2.58567667	-301.7532654	-3.341320276	-488.0853577
2807936508	-2.580345869	-302.5279236	-3.344452381	-488.6562805
2809523810	-2.554859638	-303.1604614	-3.363304615	-488.8329468
2811111111	-2.542715788	-304.0350952	-3.38710928	-489.6943054
2812698413	-2.531517029	-304.9224854	-3.410537481	-490.4805603
2814285714	-2.519040346	-305.8449097	-3.418154001	-491.1534729
2815873016	-2.498288155	-306.5822449	-3.436202288	-491.6605835
2817460317	-2.473045111	-307.3846741	-3.466336489	-492.2359009
2819047619	-2.437255144	-308.158844	-3.495825291	-492.931488
2820634921	-2.413944483	-309.036377	-3.525652647	-493.541626
2822222222	-2.38134408	-309.8276062	-3.550310135	-494.1307983
2823809524	-2.332229376	-310.6514587	-3.597853899	-494.5781555
2825396825	-2.300632238	-311.4937439	-3.630913019	-495.22995
2826984127	-2.268452883	-312.1765747	-3.656797886	-495.7380371
2828571429	-2.235932827	-313.0492249	-3.686122417	-496.230835
2830158730	-2.215508461	-313.9880066	-3.708567381	-496.7783813
2831746032	-2.166426659	-314.927948	-3.748075485	-497.3782043
2833333333	-2.13564539	-315.7428284	-3.776208401	-497.9541321
2834920635	-2.094522715	-316.5479126	-3.813842773	-498.5293274
2836507937	-2.064408302	-317.3274841	-3.84223032	-499.0295105
2838095238	-2.034331799	-318.3357849	-3.873162985	-499.6127319
2839682540	-1.995316982	-318.9387207	-3.904261351	-499.9900513
2841269841	-1.97855556	-319.7866516	-3.920334578	-500.6759338
2842857143	-1.95405519	-320.8563232	-3.944662094	-501.1768799
2844444444	-1.940639973	-321.7565002	-3.960092068	-501.7164001
2846031746	-1.933871627	-322.503418	-3.97074461	-502.2614441
2847619048	-1.929813147	-323.5133362	-3.973423719	-502.8783875
2849206349	-1.910629153	-324.3723145	-3.993452787	-503.3434753
2850793651	-1.894961834	-325.1604919	-4.012498379	-503.8139954
2852380952	-1.890111327	-325.9571228	-4.024015427	-504.3117676
2853968254	-1.891438603	-326.9202881	-4.031130314	-504.9642944
2855555556	-1.893730521	-327.5805054	-4.034743309	-505.1863098
2857142857	-1.904393911	-328.4298096	-4.030525208	-505.8370056
2858730159	-1.903962493	-329.277771	-4.042325974	-506.4914856
2860317460	-1.920773625	-330.0523682	-4.040957928	-507.0743408
2861904762	-1.934566736	-330.9378052	-4.034543991	-507.7788696
2863492063	-1.948336005	-331.6919861	-4.018451691	-508.224823
2865079365	-1.960050583	-332.5109253	-4.020595551	-508.7163391
2866666667	-1.980702043	-333.2450256	-4.013988018	-509.1077881
2868253968	-1.997195721	-334.1478577	-4.000635624	-509.6752625
2869841270	-2.022830963	-334.8596802	-3.986289501	-510.1350098
2871428571	-2.040044546	-335.7202454	-3.970948458	-510.7376404
2873015873	-2.065834045	-336.4119263	-3.958451986	-511.3787231
2874603175	-2.07897377	-337.1049805	-3.950045347	-511.9735107
2876190476	-2.103198767	-337.8757629	-3.931107998	-512.5114136
2877777778	-2.126075029	-338.622345	-3.913779259	-513.161438
2879365079	-2.136484861	-339.2748718	-3.899443388	-513.6073608
2880952381	-2.151975632	-339.7542419	-3.888252497	-513.9711304
2882539683	-2.169415474	-340.6412048	-3.872525215	-514.5111084
2884126984	-2.180462122	-341.3303528	-3.861260653	-515.1796265
2885714286	-2.193651438	-342.0980225	-3.849422693	-515.8591919
2887301587	-2.191189766	-342.6331787	-3.856209993	-516.3162231
2888888889	-2.2151618	-343.3224182	-3.837229729	-517.0878296
2890476190	-2.203536034	-344.0220337	-3.850611687	-517.5095825
2892063492	-2.212889194	-344.5243835	-3.844050646	-518.0901489
2893650794	-2.198791504	-345.2696838	-3.850831985	-518.4906616
2895238095	-2.193890095	-345.9510803	-3.853589773	-519.0984497
2896825397	-2.183378935	-346.5282288	-3.863792419	-519.6367798
2898412698	-2.164178848	-347.4127197	-3.876988411	-520.225708
2900000000	-2.166666985	-347.8806763	-3.868380308	-520.7268677
2901587302	-2.148400307	-348.5887146	-3.873924732	-521.3239136
2903174603	-2.121879578	-349.2607117	-3.897550821	-521.8996582
2904761905	-2.091397285	-350.0104675	-3.914053202	-522.4055176
2906349206	-2.0705266	-350.5701294	-3.932062626	-522.9294434
2907936508	-2.048999071	-351.3284912	-3.941173792	-523.5278931
2909523810	-2.020081997	-351.9646606	-3.972374201	-524.1847534
2911111111	-1.985628009	-352.7903137	-4.006683826	-524.614502
2912698413	-1.954534054	-353.5742188	-4.037382126	-525.2178955
2914285714	-1.927031875	-354.2231445	-4.056398869	-525.7393799
2915873016	-1.891981244	-355.0062866	-4.092436314	-526.0971069
2917460317	-1.856874108	-355.6662598	-4.126812935	-526.5938721
2919047619	-1.819702625	-356.4404907	-4.163815022	-527.0328979
2920634921	-1.793734312	-357.2316589	-4.186915874	-527.4769897
2922222222	-1.756947637	-358.0307922	-4.224357128	-527.9799805
2923809524	-1.73194015	-358.7271118	-4.247003555	-528.3265381
2925396825	-1.694824338	-359.4507751	-4.277750492	-528.8382568
2926984127	-1.674844027	-360.1864929	-4.289306641	-529.5180054
2928571429	-1.6520679	-361.0203857	-4.31730032	-530.0640869
2930158730	-1.625011802	-361.6882629	-4.344726563	-530.4638672
2931746032	-1.614411235	-362.5259705	-4.35957098	-531.1797485
2933333333	-1.59712851	-363.2842102	-4.379345417	-531.7523193
2934920635	-1.579366922	-364.0657959	-4.400098324	-531.9926758
2936507937	-1.572229743	-364.7827454	-4.408631325	-532.5957031
2938095238	-1.561284304	-365.4580078	-4.42607832	-533.0647583
2939682540	-1.545235038	-366.2463684	-4.446255207	-533.6378784
2941269841	-1.555254221	-366.9962463	-4.449666023	-534.2490234
2942857143	-1.549254894	-367.6055603	-4.459007263	-534.866272
2944444444	-1.552337527	-368.2951965	-4.466441631	-535.4165039
2946031746	-1.553871512	-369.0759583	-4.462113857	-535.9054565
2947619048	-1.566841245	-369.6209412	-4.456893921	-536.447876
2949206349	-1.573324561	-370.390564	-4.458115578	-537.1100464
2950793651	-1.590636492	-370.8832397	-4.453485012	-537.5927124
2952380952	-1.603881717	-371.5510254	-4.452288151	-538.1278076
2953968254	-1.614704251	-372.2822266	-4.42845726	-538.71521
2955555556	-1.629996657	-372.8831787	-4.417960167	-539.4080811
2957142857	-1.653162599	-373.5428772	-4.402812481	-540.2158813
2958730159	-1.667307973	-374.0394897	-4.390338898	-540.7037354
2960317460	-1.683177233	-374.6751099	-4.384792328	-541.2805786
2961904762	-1.703740597	-375.1851501	-4.355333805	-541.7694092
2963492063	-1.717518449	-375.7891235	-4.355575085	-542.6147461
2965079365	-1.739924073	-376.3726807	-4.339389324	-543.3327637
2966666667	-1.755400658	-377.2156982	-4.334318638	-543.996521
2968253968	-1.770261407	-377.8218689	-4.318731308	-544.6719971
2969841270	-1.786729574	-378.3605652	-4.314436913	-545.2363281
2971428571	-1.798710465	-378.8457642	-4.298859596	-545.6923218
2973015873	-1.802388072	-379.5233459	-4.29706192	-546.2438354
2974603175	-1.816700578	-380.0982361	-4.284788132	-546.8914795
2976190476	-1.812033176	-380.6228943	-4.280132771	-547.2348633
2977777778	-1.831128478	-381.1413269	-4.273714066	-547.9376831
2979365079	-1.826523423	-381.7885132	-4.268956184	-548.6011353
2980952381	-1.8284446	-382.2004089	-4.26290369	-549.0272827
2982539683	-1.827170372	-382.8453979	-4.267783165	-549.5742798
2984126984	-1.820106268	-383.4981384	-4.261547089	-549.8862305
2985714286	-1.808336496	-384.1895447	-4.266400337	-550.4364014
2987301587	-1.796397209	-384.898407	-4.28323698	-551.0552979
2988888889	-1.788426876	-385.5246887	-4.280718327	-551.6433105
2990476190	-1.77989924	-385.8960876	-4.288955212	-551.9747314
2992063492	-1.753313422	-386.6737061	-4.303110123	-552.4343872
2993650794	-1.739524961	-387.3624878	-4.321228981	-553.0149536
2995238095	-1.715205193	-387.8787231	-4.331483364	-553.3930054
2996825397	-1.695311427	-388.7168884	-4.355985165	-553.7003784
2998412698	-1.672537327	-389.2903137	-4.385228157	-554.2443237
3000000000	-1.641111374	-390.0643616	-4.411137581	-554.6704102
